sku,handle,upc_preservado,peso_preservado,descricao_anterior
TH1100DV1000/U,pro-1000-vertical-heat-non-programmable-thermostat,-,0.5 lb,The PRO 1000 ... by Resideo is part of our ... selection. + bullets
TH1110D2009/U,t1-pro-non-programmable-thermostat,085267344920,-,The T1 Pro ... by Resideo is part of our ... selection. + bullets
TH1110DH1003/U,pro-1000-horizontal-non-programmable-thermostat,085267573566,-,The PRO 1000 ... by Resideo is part of our ... selection. + bullets
TH1110DV1009/U,pro-1000-vertical-non-programmable-thermostat,085267799317,0.5 lb,The PRO 1000 ... by Resideo is part of our ... selection. + bullets
TH1210DH1001/U,pro-1000-horizontal-non-programmable-thermostat-hone-th1210dh1001-u,085267386135,-,The PRO 1000 ... by Resideo is part of our ... selection. + bullets
TH1210DV1007/U,pro-1000-vertical-non-programmable-thermostat-hone-th1210dv1007-u,085267589659,-,The PRO 1000 ... by Resideo is part of our ... selection. + bullets
TH2110DH1002/U,pro-2000-horizontal-programmable-thermostat,085267463171,-,The PRO 2000 ... by Resideo is part of our ... selection. + bullets
TH2210DH1000/U,pro-2000-horizontal-programmable-thermostat-hone-th2210dh1000-u,085267510936,-,The PRO 2000 ... by Resideo is part of our ... selection. + bullets
TH2210DV1006/U,pro-2000-vertical-programmable-thermostat,085267861595,-,The PRO 2000 ... by Resideo is part of our ... selection. + bullets
TH3110U2008/U,t3-pro-non-programmable-thermostat,194159004368,-,The T3 Pro ... by Resideo is part of our ... selection. + bullets
TH3210D1004/U,pro-3000-2-heat-1-cool-non-programmable-digital-thermostat,085267261142,-,The PRO 3000 ... by Resideo is part of our ... selection. + bullets
TH3210U2004/U,t3-pro-non-programmable-thermostat-hone-th3210u2004-u,194159005013,-,The T3 Pro ... by Resideo is part of our ... selection. + bullets
TH4210U2002/U,t4-pro-programmable-thermostat-with-stages-up-to-2-heat-1-cool-heat-pumps-up-to-1-heat-1-cool-conventional-systems,085267187336,-,The T4 Pro ... by Resideo is part of our ... selection. + bullets
TH6100AF2004/U,t6-pro-hydronic-programmable-thermostat,085267735735,0.811 lb,The T6 Pro Hydronic ... by Resideo is part of our ... selection. + bullets
TH6210U2001/U,t6-pro-programmable-thermostat-up-to-2-heat-1-cool,085267554404,0.811 lb,The T6 Pro ... by Resideo is part of our ... selection. + bullets
TH6220D1028/U,focuspro-6000-5-1-1-programmable-thermostat,-,-,The FocusPRO 6000 ... by Resideo is part of our ... selection. + bullets
TH6220U2000/U,t6-pro-programmable-thermostat-up-to-2-heat-2-cool,085267569507,0.811 lb,The T6 Pro ... by Resideo is part of our ... selection. + bullets
TH6220WF2006/U,t6-pro-smart-thermostat-multi-stage-2-heat-2-cool,085267183925,-,The T6 Pro Smart ... by Resideo is part of our ... selection. + bullets
TH6320U2008/U,t6-pro-programmable-thermostat-up-to-3-heat-2-cool,085267580632,0.5 lb,The T6 Pro ... by Resideo is part of our ... selection. + bullets
THX321WFS2001W/U,t10-pro-smart-with-redlink-thermostat-kit-with-sensor,085267388016,-,The T10 Pro Smart ... by Resideo is part of our ... selection. + bullets
